1st Quartile / Median / 3rd Quartile per operation
--------------------------------------------------
op     mata-0.111     mata-0.112     mata-0.113
-----  -------------  -------------  -------------
fair-  0.0, 0.0, 0.0  0.0, 0.0, 0.1  0.0, 0.0, 0.0
inclu  0.0, 0.0, 0.0  0.0, 0.0, 0.0  0.0, 0.0, 0.0
inter  0.0, 0.0, 0.0  0.0, 0.0, 0.0  0.0, 0.0, 0.0
minte  0.0, 0.0, 0.0  0.0, 0.0, 0.0  0.0, 0.0, 0.0
overa  0.0, 0.1, 0.2  0.0, 0.1, 0.2  0.0, 0.1, 0.2
parsi  0.0, 0.0, 0.1  0.0, 0.0, 0.1  0.0, 0.0, 0.1
runti  0.0, 0.1, 0.1  0.0, 0.1, 0.2  0.0, 0.1, 0.2
trim   0.0, 0.0, 0.0  0.0, 0.0, 0.0  0.0, 0.0, 0.0