                                                   Finished / Errors / Timeouts                                                  
---------------------------------------------------------------------------------------------------------------------------------
bench          mata          awali        vata         automata     brics        (j)alib     fado         (py)alib    (py)mata
-------------  ------------  -----------  -----------  -----------  -----------  ----------  -----------  ----------  -----------
aut_inclusion  136, 0, 0     129, 0, 7    136, 0, 0    127, 0, 9    131, 0, 5    126, 0, 10  76, 0, 60    126, 0, 10  135, 0, 1
bc_cox_diff    80, 3, 37     80, 0, 40    80, 0, 40    80, 0, 40    80, 0, 40    0, 0, 120   43, 0, 77    0, 0, 120   80, 0, 40
bc_cox_inter   80, 2, 38     80, 0, 40    80, 0, 40    80, 0, 40    80, 0, 40    0, 0, 120   44, 0, 76    0, 0, 120   80, 0, 40
bc_intersect   218, 35, 121  217, 0, 157  200, 1, 173  217, 1, 156  215, 0, 159  82, 0, 292  79, 0, 295   38, 0, 336  217, 0, 157
email_filter   500, 0, 0     500, 0, 0    500, 0, 0    500, 0, 0    500, 0, 0    460, 1, 39  299, 0, 201  496, 0, 4   500, 0, 0
presburger     174, 0, 0     167, 7, 0    174, 0, 0    0, 174, 0    174, 0, 0    174, 0, 0   172, 0, 2    173, 0, 1   174, 0, 0
z3_noodler     876, 0, 0     876, 0, 0    438, 0, 0    0, 438, 0    876, 0, 0    438, 0, 0   684, 0, 192  438, 0, 0   876, 0, 0