             Average / Median / Average with Timeouts            
-----------------------------------------------------------------
op     mata           mata-0.111     mata-0.112     mata-0.113
-----  -------------  -------------  -------------  -------------
fair-  0.1, 0.0, 0.1  0.2, 0.0, 0.2  0.2, 0.0, 0.2  0.2, 0.0, 0.2
inclu  0.0, 0.0, 0.0  0.1, 0.0, 0.1  0.1, 0.0, 0.1  0.1, 0.0, 0.1
inter  0.0, 0.0, 0.0  0.0, 0.0, 0.0  0.0, 0.0, 0.0  0.0, 0.0, 0.0
minte  0.1, 0.0, 0.1  0.1, 0.0, 0.1  0.1, 0.0, 0.1  0.1, 0.0, 0.1
overa  0.2, 0.1, 0.2  0.3, 0.1, 0.3  0.3, 0.1, 0.3  0.3, 0.1, 0.3
parsi  0.1, 0.1, 0.1  0.1, 0.1, 0.1  0.1, 0.1, 0.1  0.1, 0.1, 0.1
runti  0.2, 0.1, 0.2  0.3, 0.1, 0.3  0.3, 0.1, 0.3  0.3, 0.1, 0.3
trim   0.0, 0.0, 0.0  0.0, 0.0, 0.0  0.0, 0.0, 0.0  0.0, 0.0, 0.0