                                    1st Quartile / Median / 3rd Quartile                                   
-----------------------------------------------------------------------------------------------------------
bench    mata      awali     vata      automata    brics     (j)alib     fado        (py)alib    (py)mata
-------  --------  --------  --------  ----------  --------  ----------  ----------  ----------  ----------
aut_i    0, 0, 1   0, 0, 1   0, 0, 1   0, 0, 60    0, 1, 60  0, 2, 60    1, 60, 60   0, 0, 9     0, 1, 2
bc_co    0, 0, 1   0, 0, 1   0, 0, 2   0, 0, 15    0, 0, 46  60, 60, 60  1, 60, 60   60, 60, 60  0, 0, 6
bc_co    0, 0, 1   0, 0, 1   0, 0, 2   0, 0, 15    0, 0, 47  60, 60, 60  1, 60, 60   60, 60, 60  0, 0, 6
bc_in    0, 1, 60  0, 1, 27  0, 1, 48  0, 0, 60    0, 4, 60  56, 60, 60  60, 60, 60  60, 60, 60  0, 60, 60
email    0, 0, 0   0, 0, 0   0, 0, 0   0, 0, 0     0, 0, 2   0, 0, 60    0, 60, 60   0, 0, 1     0, 0, 1
presb    0, 0, 0   0, 0, 0   0, 0, 0   60, 60, 60  0, 0, 2   0, 0, 3     0, 0, 2     0, 0, 1     0, 0, 1
z3_no    0, 0, 0   0, 0, 0   0, 0, 0   60, 60, 60  0, 0, 1   0, 0, 1     0, 1, 60    0, 0, 1     0, 0, 1