                      Finished / Errors / Timeouts                     
-----------------------------------------------------------------------
bench                mata         mata-old     mata-sim     (py)mata
-------------------  -----------  -----------  -----------  -----------
aut_inclusion        136, 0, 0    136, 0, 0    136, 0, 0    136, 0, 0
bc_cox_diff          40, 11, 29   40, 10, 30   40, 12, 28   40, 12, 28
bc_cox_inter         40, 20, 20   40, 26, 14   40, 26, 14   40, 24, 16
bc_cox_union         80, 0, 0     80, 0, 0     80, 0, 0     80, 0, 0
bc_intersect         31, 109, 47  31, 110, 46  31, 114, 42  30, 37, 120
bc_intersect_union   187, 0, 0    187, 0, 0    187, 0, 0    187, 0, 0
email_filter         500, 0, 0    500, 0, 0    500, 0, 0    500, 0, 0
presburger           170, 0, 0    169, 1, 0    169, 1, 0    163, 0, 7
presburger-explicit  170, 0, 0    170, 0, 0    170, 0, 0    170, 0, 0
z3_noodler           751, 8, 0    751, 8, 0    750, 8, 1    759, 0, 0
z3_noodler_concat    438, 0, 0    438, 0, 0    438, 0, 0    438, 0, 0