                                                  1st Quartile / Median / 3rd Quartile per operation                                                 
-----------------------------------------------------------------------------------------------------------------------------------------------------
op     mata           awali           vata            automata        brics           (j)alib          fado             (py)alib       (py)mata
-----  -------------  --------------  --------------  --------------  --------------  ---------------  ---------------  -------------  --------------
empti  0.0, 500, 500  0.0, 500, 500   0.0, 500, 500   0.0, 500, 500   0.0, 500, 500   0.0, 500, 500    0.0, 500, 500    500, 500, 500  0.0, 500, 500
inter  2.7, 500, 500  2.0, 500, 500   3.3, 500, 500   6.3, 500, 500   6.0, 500, 500   1.8, 500, 500    120.5, 500, 500  500, 500, 500  3.6, 500, 500
minte  0.1, 500, 500  0.1, 500, 500   0.1, 500, 500   -               -               -                -                -              -
parsi  0.4, 500, 500  0.3, 500, 500   0.4, 500, 500   -               -               -                -                -              -
runti  8.0, 500, 500  11.7, 500, 500  14.0, 500, 500  16.4, 500, 500  26.6, 500, 500  500, 500, 500    500, 500, 500    500, 500, 500  11.4, 500, 500
trans  -              0.0, 500, 500   0.0, 500, 500   0.2, 500, 500   0.1, 500, 500   218.1, 500, 500  1.2, 500, 500    500, 500, 500  0.1, 500, 500
trim   0.8, 500, 500  3.1, 500, 500   2.7, 500, 500   0.0, 500, 500   -               -                0.0, 500, 500    500, 500, 500  1.0, 500, 500