                                                Finished / Errors / Timeouts                                                
----------------------------------------------------------------------------------------------------------------------------
bench          mata         awali       vata         automata    brics       (j)alib     fado         (py)alib    (py)mata
-------------  -----------  ----------  -----------  ----------  ----------  ----------  -----------  ----------  ----------
aut_inclusion  135, 0, 1    129, 0, 7   136, 0, 0    127, 0, 9   131, 0, 5   128, 0, 8   24, 0, 112   126, 0, 10  136, 0, 0
bc_cox_diff    40, 2, 38    40, 0, 40   40, 0, 40    40, 0, 40   40, 0, 40   0, 0, 80    0, 0, 80     0, 0, 80    40, 0, 40
bc_cox_inter   40, 5, 35    40, 0, 40   40, 0, 40    40, 0, 40   40, 0, 40   0, 0, 80    0, 0, 80     0, 0, 80    40, 1, 39
bc_intersect   30, 10, 147  30, 0, 157  29, 16, 142  30, 0, 157  28, 0, 159  40, 0, 147  8, 0, 179    34, 0, 153  30, 0, 157
email_filter   500, 0, 0    500, 0, 0   500, 0, 0    500, 0, 0   500, 0, 0   460, 0, 40  418, 0, 82   460, 0, 40  500, 0, 0
presburger     174, 0, 0    167, 7, 0   174, 0, 0    0, 174, 0   174, 0, 0   174, 0, 0   172, 0, 2    173, 0, 1   174, 0, 0
z3_noodler     876, 0, 0    876, 0, 0   438, 0, 0    0, 438, 0   876, 0, 0   438, 0, 0   667, 0, 209  438, 0, 0   876, 0, 0