                                     1st Quartile / Median / 3rd Quartile                                     
--------------------------------------------------------------------------------------------------------------
bench    mata       awali     vata       automata    brics      (j)alib     fado        (py)alib    (py)mata
-------  ---------  --------  ---------  ----------  ---------  ----------  ----------  ----------  ----------
aut_i    0, 0, 1    0, 0, 1   0, 0, 1    0, 0, 60    0, 2, 60   0, 2, 60    60, 60, 60  0, 1, 60    0, 1, 3
bc_co    0, 0, 10   0, 0, 5   0, 0, 6    0, 0, 37    0, 3, 60   60, 60, 60  60, 60, 60  60, 60, 60  0, 1, 29
bc_co    0, 0, 8    0, 0, 5   0, 0, 6    0, 0, 38    0, 3, 60   60, 60, 60  60, 60, 60  60, 60, 60  0, 1, 29
bc_in    0, 13, 60  0, 8, 60  0, 17, 60  0, 19, 60   2, 60, 60  56, 60, 60  60, 60, 60  60, 60, 60  60, 60, 60
email    0, 0, 0    0, 0, 0   0, 0, 0    0, 0, 0     0, 0, 2    0, 0, 60    0, 1, 60    0, 0, 3     0, 0, 1
presb    0, 0, 0    0, 0, 0   0, 0, 0    60, 60, 60  0, 0, 2    0, 0, 3     0, 0, 2     0, 0, 1     0, 0, 1
z3_no    0, 0, 0    0, 0, 0   0, 0, 0    60, 60, 60  0, 0, 1    0, 0, 1     0, 1, 60    0, 0, 1     0, 0, 1